-1.879930381868200051e-01
1.228959819447460050e-01
-1.674582859853330108e+00
1.159921484077049980e+00
1.736648241509999968e+00
3.837167036642650242e-01
-5.125027526026270097e-01
6.907102560869540220e-01
2.239707826891450093e+00
1.930073137518750093e+00
9.623102823564250174e-01
8.138183911069699628e-01
-4.188368346713129964e-01
7.845513250285980345e-01
6.750929427222259749e-01
6.002619983707190299e-01
1.993595260400460090e+00
5.659256705697309764e-01
6.865601519524030527e-01
1.001531972420740060e-02
-6.121876835648040194e-01
2.900987004109880155e-02
7.941248852078329756e-01
-5.571138647516159503e-01
-3.795574019594819687e-02
2.229695437422240190e+00
-2.359763935031840010e-01
-1.659195971171490092e+00
-4.696235523700629799e-01
1.435721428908989905e+00
2.682169733339310191e-01
9.540314790075060669e-02
9.555643547225900480e-02
1.684633488128080003e+00
9.638168380398639545e-01
-8.964344369677510471e-01
5.944100120278840160e-01
2.151498944252280054e+00
1.489686869209050080e-01
-3.518504507650530022e-01
-7.162853350170740319e-01
1.926155444316579868e-01
4.440948356344809889e-01
-4.618217990476130019e-01
5.972340442170850222e-02
-1.619145567828270127e-01
-2.323021420251409896e-01
7.791336561067829791e-01
-3.523283398886140061e-02
4.110513277266999825e-03
