2.050000000000000000e+04
2.212040000000000000e+05
4.219080000000000000e+05
6.226120000000000000e+05
8.233160000000000000e+05
1.024020000000000000e+06
2.069600000000000000e+04
2.214000000000000000e+05
4.221040000000000000e+05
6.228080000000000000e+05
8.235120000000000000e+05
1.024216000000000000e+06
2.089200000000000000e+04
2.215960000000000000e+05
4.223000000000000000e+05
6.230040000000000000e+05
8.237080000000000000e+05
1.024412000000000000e+06
2.108800000000000000e+04
2.217920000000000000e+05
4.224960000000000000e+05
6.232000000000000000e+05
8.239040000000000000e+05
1.024608000000000000e+06
2.128400000000000000e+04
2.219880000000000000e+05
4.226920000000000000e+05
6.233960000000000000e+05
8.241000000000000000e+05
1.024804000000000000e+06
2.148000000000000000e+04
2.221840000000000000e+05
4.228880000000000000e+05
6.235920000000000000e+05
8.242960000000000000e+05
1.025000000000000000e+06
1.230000000000000000e+05
3.226800000000000000e+05
5.233840000000000000e+05
7.240880000000000000e+05
9.247920000000000000e+05
1.231950000000000000e+05
3.228750000000000000e+05
5.235790000000000000e+05
7.242830000000000000e+05
9.249870000000000000e+05
1.233910000000000000e+05
3.230710000000000000e+05
5.237750000000000000e+05
7.244790000000000000e+05
9.251830000000000000e+05
1.235870000000000000e+05
3.232670000000000000e+05
5.239710000000000000e+05
7.246750000000000000e+05
9.253790000000000000e+05
1.237830000000000000e+05
3.234630000000000000e+05
5.241670000000000000e+05
7.248710000000000000e+05
9.255750000000000000e+05
