2.624000000000000000e+05
3.934720000000000000e+05
5.245440000000000000e+05
6.556160000000000000e+05
7.866880000000000000e+05
2.625280000000000000e+05
3.936000000000000000e+05
5.246720000000000000e+05
6.557440000000000000e+05
7.868160000000000000e+05
2.626560000000000000e+05
3.937280000000000000e+05
5.248000000000000000e+05
6.558720000000000000e+05
7.869440000000000000e+05
2.627840000000000000e+05
3.938560000000000000e+05
5.249280000000000000e+05
6.560000000000000000e+05
7.870720000000000000e+05
2.629120000000000000e+05
3.939840000000000000e+05
5.250560000000000000e+05
6.561280000000000000e+05
7.872000000000000000e+05
